34
250 8 2490 53 2548
251 63 2490 108 2548
252 118 2498 157 2548
253 167 2497 207 2548
254 217 2497 252 2548
255 262 2497 298 2548
256 308 2499 347 2548
257 357 2492 401 2548
258 411 2495 452 2548
259 167 2497 207 2548
260 217 2497 252 2548
261 262 2497 298 2548
262 308 2499 347 2548
263 357 2492 401 2548
264 411 2495 452 2548
265 8 2588 45 2639
266 55 2582 92 2639
267 102 2584 145 2639
268 155 2586 216 2639
269 226 2588 287 2639
270 297 2578 361 2639
271 371 2567 441 2639
272 451 2556 527 2639
273 537 2553 614 2639
274 8 2657 85 2742
275 95 2657 170 2742
276 180 2657 255 2742
277 265 2659 333 2742
278 343 2661 409 2742
279 419 2668 485 2742
280 84 2757 150 2831
281 160 2757 226 2831
282 84 2757 150 2831
283 160 2757 226 2831