321
1 20 0 2272 5 0 1106 0 
2 20 0 72 5 1424 928 0
3 20 0 56 5 1440 864 0
4 20 0 88 5 1328 816 0
5 20 0 104 5 1280 752 0
21 21 0 51 35 760 1032 0
22 21 0 51 35 760 1064 0
6 21 0 51 35 720 1032 3
7 21 0 51 35 720 1064 3
9 23 0 42 24 1296 1034 0
8 23 0 42 24 1242 984 1
10 23 0 42 24 1328 944 0
11 20 0 112 5 1152 688 0
12 23 0 42 24 1296 640 0
13 21 0 51 35 1340 568 0 
14 21 0 51 35 1340 600 0
15 20 0 80 5 1400 608 0
16 24 0 5 718 1493 400 0
18 24 0 5 48 1336 768 0
19 24 0 5 48 1256 704 0
20 24 0 5 416 1128 496 0
23 22 0 33 67 976 1008 0
24 22 0 33 67 1040 1008 1
25 22 0 33 67 1104 1008 2
26 23 0 42 24 1360 544 0
27 23 0 42 24 1280 512 1
28 20 0 128 5 1088 480 0
29 24 0 5 16 1096 464 0
30 20 0 136 5 960 448 0
31 24 0 5 48 968 464 0
32 20 0 72 5 888 512 0
33 24 0 5 64 904 528 0
34 20 0 336 5 560 588 0
35 20 0 324 5 448 708 0
36 26 0 1 95 472 513 0
37 24 0 5 240 440 464 0
38 22 0 33 67 576 480 0
39 22 0 33 67 704 480 1
40 22 0 33 67 576 608 2
41 22 0 33 67 688 608 0
42 24 0 5 32 768 711 0
43 20 0 96 5 776 740 0
44 24 0 5 24 872 710 0
45 20 0 72 5 872 708 0
46 24 0 5 24 952 680 0
47 20 0 48 5 952 676 0
49 21 0 51 35 1048 664 1
48 21 0 51 35 1008 664 0
54 20 0 56 5 1064 772 0
50 20 0 206 5 915 836 0
51 20 0 448 5 480 916 0
52 24 0 5 64 920 845 0
53 24 0 5 80 488 825 0
55 20 0 160 5 440 820 0
56 23 0 42 24 656 844 0
57 20 0 144 5 336 900 0
58 24 0 5 18 348 880 0
59 20 0 106 5 244 868 0
60 24 0 5 296 247 568 0
61 23 0 42 24 368 798 0
62 23 0 42 24 304 736 1
63 23 0 42 24 368 688 0
64 23 0 42 24 304 635 1
65 26 0 1 200 280 336 0
66 26 0 1 104 1048 512 0
67 20 0 104 5 328 368 0
68 24 0 5 224 456 240 0
69 20 0 112 5 144 552 0
70 26 0 1 96 88 544 0
71 20 0 132 5 0 708 0
72 24 0 5 38 136 720 0
73 20 0 100 5 140 756 0
74 20 0 5 104 140 756 0
75 20 0 104 5 0 500 0
76 26 0 1 68 88 340 0
77 20 0 96 5 0 292 0
78 20 0 88 5 152 356 0
79 24 0 3 112 248 240 0
80 20 0 112 5 136 236 0
81 20 0 114 5 256 276 0
82 24 0 5 32 372 240 0
83 20 0 88 5 376 228 0
84 24 0 5 220 456 240 0
85 20 0 88 5 464 292 0
86 20 0 160 5 464 460 0
87 20 0 32 5 600 316 0
88 24 0 5 32 628 432 0
89 20 0 88 5 632 418 0
90 24 0 5 39 711 377 0
91 20 0 56 5 712 368 0
92 24 0 5 23 774 345 0
93 20 0 88 5 776 340 0 
94 24 0 5 12 860 620 0
95 20 0 64 5 864 316 0
96 24 0 5 32 936 288 0
97 20 0 180 5 940 276 0
98 24 0 5 16 856 324 0
99 20 0 112 5 784 220 0
100 24 0 5 192 776 32 0
101 24 0 5 96 1124 224 0
102 20 0 128 5 1124 212 0
103 20 0 115 5 1136 324 0
104 20 0 80 5 1312 260 0
105 24 0 5 32 1256 336 0
106 20 0 448 5 1264 372 0
107 24 0 5 68 1528 300 0
108 20 0 36 5 1512 288 0
109 24 0 5 240 1720 128 0
110 23 0 42 24 576 240 0
111 23 0 42 24 640 216 1
112 23 0 42 24 688 184 0
113 23 0 42 24 640 136 1
114 23 0 42 24 544 112 0
115 23 0 42 24 1440 320 0
116 24 0 5 32 1396 224 0
117 20 0 128 5 1408 212 0
118 24 0 5 208 1544 0 0
119 21 0 51 35 1520 256 0
120 23 0 42 24 1584 320 0
121 23 0 42 24 1648 272 1
122 23 0 42 24 1584 224 0
123 23 0 42 24 1648 176 1
124 23 0 42 24 1584 128 0
125 23 0 42 24 1648 80 1
126 20 0 32 5 1704 116 0
127 24 0 5 608 1784 0 0
128 20 0 144 5 1632 532 0
129 20 0 56 5 1568 612 0
130 24 0 5 716 1560 400 0 
131 26 0 1 80 1656 576 0
132 20 0 92 5 1568 724 0
133 24 0 5 32 1660 736 0
134 20 0 144 5 1664 772 0
135 26 0 1 74 1800 816 0
136 20 0 160 5 1792 1028 0
137 24 0 5 224 1928 624 0
138 20 0 80 5 1840 852 0
139 20 0 240 5 1568 980 0
140 23 0 42 24 1648 928 0
146 23 0 42 24 1616 864 1
313 38 0 44 58 1616 892 -1
314 38 0 44 58 2210 740 1
141 21 0 51 35 1712 816 0
142 21 0 51 35 1712 848 0
143 21 0 51 35 1712 880 0
144 21 0 51 35 1712 912 0
145 21 0 51 35 1712 944 0
147 23 0 42 24 1992 1028 0
148 23 0 42 24 2048 976 1
149 23 0 42 24 2112 928 0
150 23 0 42 24 2048 880 1
151 23 0 42 24 2118 826 0
152 23 0 42 24 2048 784 1
153 23 0 42 24 1992 736 0
154 23 0 42 24 2048 720 1
155 26 0 1 128 2056 512 0
156 20 0 88 5 2184 820 0
157 20 0 120 5 2152 708 0
158 20 0 168 5 2104 596 0
159 20 0 224 5 2048 452 0
160 20 0 144 5 1792 612 0
161 26 0 1 96 1928 432 0
162 20 0 144 5 1792 372 0 
163 23 0 42 24 2000 560 0
164 23 0 42 24 1968 512 1 
165 23 0 42 24 1975 368 1
166 23 0 42 24 1830 305 0
167 26 0 1 62 2072 304 0
168 20 0 240 5 1888 244 0
169 20 0 174 5 2095 210 0
170 21 0 51 35 1975 296 1
171 27 0 11 12 8 1018 0
172 27 0 11 12 41 1035 0
173 27 0 11 12 75 1019 0
174 27 0 11 12 43 1003 0
175 27 0 11 12 345 1019 0
176 27 0 11 12 381 1035 0
177 27 0 11 12 412 1019 0
178 27 0 11 12 378 1002 0
179 27 0 11 12 507 859 0
180 27 0 11 12 732 827 0
181 27 0 11 12 764 810 0
182 27 0 11 12 795 828 0
183 27 0 11 12 874 858 0
184 27 0 11 12 1068 796 0
185 27 0 11 12 1052 732 0
186 27 0 11 12 1067 715 0
187 27 0 11 12 1084 731 0
188 27 0 11 12 845 666 0
189 27 0 11 12 812 652 0
190 27 0 11 12 779 668 0
191 27 0 11 12 1164 633 0
192 27 0 11 12 171 715 0
193 27 0 11 12 187 699 0
194 27 0 11 12 171 685 0
195 27 0 11 12 155 700 0
196 27 0 11 12 299 586 0
197 27 0 11 12 345 540 0
198 27 0 11 12 460 519 0
199 27 0 11 12 9 442 0
200 27 0 11 12 44 426 0
201 27 0 11 12 75 443 0
202 27 0 11 12 12 218 0
203 27 0 11 12 26 233 0
204 27 0 11 12 43 218 0
205 27 0 11 12 26 203 0
206 27 0 11 12 188 187 0
207 27 0 11 12 204 171 0
208 27 0 11 12 185 154 0
209 27 0 11 12 169 168 0
210 27 0 11 12 428 106 0
211 27 0 11 12 443 59 0
212 27 0 11 12 476 28 0
213 27 0 11 12 522 26 0
214 27 0 11 12 619 74 0
215 27 0 11 12 666 122 0
216 27 0 11 12 621 153 0
217 27 0 11 12 572 203 0
218 27 0 11 12 763 473 0
219 27 0 11 12 796 443 0
220 27 0 11 12 970 378 0
221 27 0 11 12 1004 363 0
222 27 0 11 12 1035 378 0
223 27 0 11 12 794 170 0
224 27 0 11 12 826 154 0
225 27 0 11 12 861 170 0
226 27 0 11 12 908 137 0
227 27 0 11 12 938 123 0
228 27 0 11 12 973 152 0
229 27 0 11 12 1307 442 0
230 27 0 11 12 1371 491 0
231 27 0 11 12 1339 312 0
232 27 0 11 12 1372 298 0
233 27 0 11 12 1403 315 0
234 27 0 11 12 1435 152 0
235 27 0 11 12 1469 138 0
236 27 0 11 12 1500 154 0
237 27 0 11 12 1324 888 0
238 27 0 11 12 1581 1049 0
239 27 0 11 12 1597 1066 0
240 27 0 11 12 1611 1049 0
241 27 0 11 12 1595 1033 0
242 27 0 11 12 1787 1036 0
243 27 0 11 12 2204 1050 0
244 27 0 11 12 2221 1035 0
245 27 0 11 12 2237 1051 0
246 27 0 11 12 2220 777 0
247 27 0 11 12 2236 760 0
248 27 0 11 12 2252 777 0
249 27 0 11 12 2236 789 0
250 27 0 11 12 1948 778 0
251 27 0 11 12 1947 825 0
252 27 0 11 12 1578 665 0
253 27 0 11 12 1595 648 0
254 27 0 11 12 1610 665 0
255 27 0 11 12 1595 682 0
256 27 0 11 12 1579 569 0
257 27 0 11 12 1741 492 0
258 27 0 11 12 1709 491 0
259 27 0 11 12 1724 475 0
260 27 0 11 12 1741 345 0
261 27 0 11 12 1740 250 0
262 27 0 11 12 1739 153 0
263 27 0 11 12 1740 107 0
264 27 0 11 12 1724 41 0
265 27 0 11 12 1661 42 0
266 27 0 11 12 2124 168 0
267 27 0 11 12 2172 522 0
268 27 0 11 12 2203 507 0
269 27 0 11 12 2235 521 0
270 28 0 17 16 874 265 0
271 28 0 17 16 1337 214 0
272 28 0 17 16 1590 262 0
273 28 0 17 16 1641 215 0
274 28 0 17 16 1735 70 0
275 28 0 17 16 1688 7 0
276 28 0 17 16 2105 391 0
277 28 0 17 16 2123 409 0
278 28 0 17 16 2137 391 0
279 28 0 17 16 2118 371 0
280 29 0 38 50 265 810 0
281 29 0 38 50 1 317 0
282 29 0 38 50 1141 273 0
283 29 0 38 50 1558 37 0
284 29 0 38 50 1153 735 0
285 20 0 86 5 1137 916 0
286 23 0 42 24 1223 864 1
287 30 0 19 23 792 294 0
288 30 0 19 23 1593 805 0
289 31 0 20 33 1160 445 0
290 31 0 20 33 1863 814 0
291 31 0 20 33 1894 332 0
292 31 0 20 33 1656 335 0
293 31 0 20 33 728 332 0
294 31 0 20 33 473 780 0
295 32 1 56 58 349 960 0
296 32 0 56 58 237 396 0
297 32 0 56 58 93 124 0
298 32 0 56 58 763 956 0
299 32 0 56 58 1771 608 0
300 32 0 56 58 764 238 0
301 32 0 56 58 1437 944 0
302 33 0 47 52 1356 1043 1
303 33 0 47 52 736 858 -1
304 33 0 47 52 16 651 -1
305 33 0 47 52 175 500 -1
306 33 0 47 52 1000 216 1
307 33 0 47 52 1166 157 1
308 33 0 47 52 1354 317 1
309 33 0 47 52 1949 188 1
310 33 0 47 52 2121 539 1
311 33 0 47 52 2074 1044 1
312 36 0 51 81 1164 880 1
316 36 0 51 81 1332 720 1
317 36 0 51 81 970 640 -1
318 36 0 51 81 946 796 1
320 36 0 51 81 1214 288 1
321 36 0 51 81 1655 497 -1
322 36 0 51 81 1841 575 1
323 36 0 51 81 1733 738 1
319 36 0 51 81 609 877 1
