0 0 1 59 60 65 69 70 71 72 73 74 75 76 77 78 79 80 81 171 172 173 174 192 193 194 195 199 200 201 202 203 204 205 206 207 208 209 280 281 296 297 304 305 -1
0 1 1 34 35 36 37 51 53 55 57 58 59 61 62 63 64 67 68 81 82 83 84 85 86 114 175 176 177 178 179 196 197 198 210 211 212 213 280 294 295 296 -1
0 2 1 21 22 6 7 34 35 38 39 40 41 42 43 51 55 56 86 87 88 89 90 91 92 93 99 100 110 111 112 113 114 180 181 182 188 189 190 214 215 216 217 218 219 223 224 287 293 298 300 303 319 -1
0 3 1 20 23 24 25 28 29 30 31 32 33 34 43 44 45 46 47 49 48 54 50 51 52 66 93 94 95 96 97 98 99 101 102 183 184 185 186 187 188 220 221 222 225 226 227 228 270 306 317 318 -1
0 4 1 4 5 9 8 10 11 12 13 14 15 18 19 25 26 27 28 102 103 104 105 106 116 117 191 229 230 231 232 233 237 271 282 284 285 286 289 302 307 308 312 316 320 -1
0 5 1 2 3 15 16 106 107 108 115 117 118 119 120 121 122 123 124 125 128 129 130 131 132 133 134 139 140 146 313 234 235 236 238 239 240 241 252 253 254 255 256 265 272 273 275 283 288 292 301 321 -1
0 6 1 106 109 126 127 128 134 135 136 137 138 139 141 142 143 144 145 160 161 162 164 165 166 168 170 242 250 251 257 258 259 260 261 262 263 264 274 275 290 291 299 309 321 322 323 -1
0 7 1 314 147 148 149 150 151 152 153 154 155 156 157 158 159 163 164 165 167 168 169 170 243 244 245 246 247 248 249 266 267 268 269 276 277 278 279 309 310 311 -1
1 0 1 156 157 158 159 -1
1 1 -1
1 2 -1
1 3 -1
1 4 -1
1 5 -1
1 6 -1
1 7 -1
